652230
28748
2381741
468
1246700
442.60
2780400
29743
7741220
83871
86600
13880
765.30
148460
430
207600
30528
22966
112622
38394
1098581
51197
581730
8515770
5765
110879
274200
27830
4033
181035
475440
9984670
622984
1284000
756096.30
9596960
1138910
2235
2344858
342000
51100
322463
56594
110860
9251
78867
43094
23200
751
48670
283561
1001450
21041
28051
117600
45228
17364
1104300
18274
338145
643801
267667
11300
69700
357022
238533
131957
348.50
108889
245857
36125
214969
27750
112090
93028
103000
3287263
1904569
1648195
438317
70273
20770
301340
10991
377944
89342
2724900
580367
811
10908
17818
199951
236800
64589
10400
30355
111369
1759540
160
65300
2586
587041
118484
329847
298
1240192
316
181
1030700
2040
1964375
702
33851
2.02
1564116
13812
446550
799380
676578
824292
21
147181
41543
268838
130370
1267000
923768
120538
25713
323802
309500
796095
459
6220
75420
462840
406752
1285216
300000
312685
92212
11586
238391
17098240
26338
261
616
389
2831
61.20
964
2149690
196722
77474
455
71740
716.10
49035
20273
28896
637657
1219090
99720
644329
505370
65610
1861484
163820
450295
41277
185180
35980
144100
947300
513120
14874
56785
747
5128
163610
783562
488100
26
241038
603550
83600
243610
9833517
176215
447400
12189
0.44
912050
331210
527968
752618
390757